11
31
19 23 38
5 11 37
6 26 36
11 30 24
14 23 34
6 22 0
7 9 22
15 16 20
4 24 24
10 13 10
17 28 24
20 24 7
30 32 11
20 29 24
0 32 12
1 23 38
7 16 7
1 20 37
17 29 34
5 13 5
8 18 10
9 18 12
5 14 19
5 15 1
2 3 34
18 24 10
2 4 8
2 6 17
3 25 10
3 24 11
7 22 27
22 32 20
22 30 2
7 28 18
13 29 11
4 5 31
2 13 21
3 26 12
16 26 34
1 13 3
23 31 17
16 23 23
11 23 5
21 24 2
18 29 15
24 30 26
16 19 24
6 17 27
1 19 37
2 28 32
0 9 14
12 30 21
15 27 17
1 18 25
15 25 8
2 14 36
6 23 28
1 31 8
0 5 3
25 26 23
12 21 3
0 21 34
22 25 6
26 28 37
13 30 6
2 24 4
5 23 19
5 20 10
5 27 1
7 19 7
5 25 37
