(+7 +13 +4 -6 +2 +9 -11 -5 -3 +1 -12 -8 +10)
(-10 +1 -12 -8 +3 +5 +11 -9 -2 +6 -4 -13 -7)
(-3 +8 +12 -1 -9 -2 +6 -4 -13 -7 -10 -11 -5)
(+4 -6 +2 +9 +11 +10 +7 +13)(-8 +3 +5 +1 -12)
(-10 -11 -9 -2 +1 -12 -8 +3 +5 +6 -4 -13 -7)
(+1)(+2 +9 +11 +10 +7 +13 +4 -6 -5 -3 +8 +12)
(-10 -11 -9 -2 -12 +1 -8 +3 +5 +6 -4 -13 -7)
(+2 +9 +11 +10 +7 +13 +4 +1 -8 +3 +5 +6 +12)
(-10 -11 -9 -2 -12 -6 -5 +1 -8 +3 -4 -13 -7)
(+2 +9 +11 +10 +7 +1 -8 +3 -4 -13 +5 +6 +12)
(-10 -11 -9 -2 -12 -6 -5 +13 +1 -8 +3 -4 -7)
(+2 +9 +11 +10 +1 -8 +3 -4 -7 -13 +5 +6 +12)
(-1 +9 +11 +10 -2 -12 -6 -5 +13 +7 +4 -3 +8)